predict[0]: [[  2.63481118e-14   1.00000000e+00]]
predict[1]: [[  9.99965429e-01   3.46000197e-05]]
predict[2]: [[  1.75801659e-07   9.99999881e-01]]
predict[3]: [[  9.99999881e-01   1.39017516e-07]]
predict[4]: [[  7.85745573e-14   1.00000000e+00]]
predict[5]: [[  1.00000000e+00   5.61905899e-18]]
predict[6]: [[  2.29208449e-12   1.00000000e+00]]
predict[7]: [[  1.00000000e+00   5.91735159e-08]]
predict[8]: [[  1.58062731e-13   1.00000000e+00]]
predict[9]: [[  9.99999881e-01   1.75959997e-07]]
predict[10]: [[  3.48426691e-13   1.00000000e+00]]
predict[11]: [[  1.00000000e+00   8.28788149e-10]]
predict[12]: [[  6.95294766e-10   1.00000000e+00]]
predict[13]: [[  1.00000000e+00   6.17460549e-17]]
predict[14]: [[  1.91090876e-08   1.00000000e+00]]
predict[15]: [[  1.00000000e+00   4.80237017e-10]]
predict[16]: [[  3.39638322e-12   1.00000000e+00]]
predict[17]: [[  1.00000000e+00   2.26649943e-09]]
predict[18]: [[  3.48426691e-13   1.00000000e+00]]
predict[19]: [[  1.00000000e+00   2.84710948e-12]]
